small_to_large: 
1e7{
13.2 MB/per sim ; 44.90s/10sims; 4.49s/per sim;
run1 cv : [ 3.26929214  1.31966737  2.67219451  3.21962019  2.96581706  4.34183436
  2.74588303  3.83991802  2.34872995  2.92867118  3.79247108  4.14057418
  6.48873485  5.86308511  5.11021408  4.12378565  9.08893011  8.12577433
  9.49416195 10.16072525  7.35253893]

run1225 cv : [ 8.04153507  6.08781944  6.18416078  4.54095802  7.62114643  6.99762757
  8.25164313  7.61539192  8.10073655  9.74384479  8.36190194  9.06278086
 16.98495273 13.61162706 20.27220419 14.3910387  11.65997058 15.29511917
 24.07413592 25.6549989  30.76232845]  
}

1e8{
123.2 MB/per sim ; 237.59s/10sims; 23.759s/per sim;
run1 cv : CV: [0.79153635 0.95806025 0.77729729 1.09165524 1.00207862 1.04719329
 1.40100303 1.04882113 1.64043758 1.04717968 1.96883899 1.35352419
 1.36407292 1.47421541 1.89516717 1.9556165  1.97518206 1.64738773
 3.38913816 2.56601501 2.55957547] 

run1225 cv : CV: [ 1.54314317  1.23695421  1.42797489  2.47664533  2.12529916  2.27433753
  2.21787586  2.56264865  2.95282169  3.30954405  2.3749752   3.54839193
  4.70589526  4.15147672  5.67587833  3.22142709  6.57257722  6.99425077
  7.01306208 10.72231787 11.27939932] 
}

1e9{
802.8 MB/per sim ; 1971.23s/10sims; 197.123s/per sim;
run1 cv : CV: [0.32602668 0.39455535 0.30082585 0.54727829 0.33238836 0.50756342
 0.43107488 0.32829156 0.43830527 0.69060305 0.53285992 0.44682406
 0.87847186 0.65038288 0.42637529 0.68801026 0.99768544 1.51745888
 1.3246093  1.75161329 1.12760518] 

run1225 cv : CV: [0.76253336 0.62177519 0.84893255 0.74672754 0.93387392 0.75222069
 0.77260283 1.34920753 1.35898811 1.17448506 1.06566591 1.36515139
 1.14781206 1.72630342 1.87618996 2.30694371 2.45652587 3.94843078
 2.99693677 4.67557937 3.84327132] 
}


large_to_small:
1e7{
12.3 MB/per sim ; 47.45s/10sims; 4.75s/per sim;
run1 cv : CV: [ 2.71055997  2.69248583  3.13361904  2.15748216  2.79911235  3.59212089
  2.31304677  4.43778039  5.38007604  3.7205197   4.82697349  5.57278914
  5.67169527  5.1055265   5.17940377  7.66113355  7.95316676  6.75264738
  6.86591622  9.62914931 12.17912563] 
run1225 cv : CV: [ 4.79335387  4.5892081   5.8600544   5.22844831  3.62724496  6.07769333
  6.60403834  4.73985716  6.1761931   9.03091098 13.8177278   7.6058264
 11.29350368 17.92480876  9.97917804 11.32112802 11.72621367 16.47083892
 24.35441936 25.63058464 23.05460996] 
}


1e8{
122.8 MB/per sim ; 244.53s/110sims; 24.53s/per sim;
run1 cv : CV: [0.88704921 1.00265072 0.81052805 0.83344979 0.3828256  1.03019849
 0.85061962 1.26648565 0.73662042 1.77770222 1.82327692 1.59154109
 1.74771295 1.80228022 1.09704848 2.37467854 3.17435095 2.14826432
 3.10525908 2.47305917 5.36790988] 

run1225 cv : CV: [1.81432464 2.89668234 1.44654862 1.79820324 1.44055746 2.06694137
 2.1693954  3.17450092 3.6603032  2.81251913 1.96278619 2.6726872
 3.34555677 4.56905185 4.79120873 6.38272084 7.67628942 6.96624413
 6.83246597 8.66549592 5.26959168] 
}


1e9{
802.6 MB/per sim ; 2057.27s/10sims; 205.727s/per sim;
run1 cv : CV: [0.3920782  0.39899318 0.37487412 0.30054984 0.39330213 0.45874005
 0.57454836 0.40776447 0.44549299 0.48397752 0.7161936  0.68336355
 0.61314673 0.65488956 0.72288733 0.7168067  0.62915745 1.0955734
 0.76275278 1.31584937 1.43259528] 

run1225 cv : CV: [0.7336845  0.87487793 0.84922676 0.53183058 0.6657543  0.78834129
 0.86559672 0.78205896 1.08751238 1.0334822  0.81170966 1.32952679
 1.92157599 1.04796962 1.66425458 2.28020917 1.48970994 2.15160841
 2.62448501 4.12773881 2.10679366] 
}


RXT3080 
NA = 0.22
small_to_large
1e10{
41.2 MB/per sim ; 6410.49s/it ; 641.0s/per sim;

run1225 cv : CV: [       nan 0.2646539         nan        nan        nan        nan
        nan        nan        nan        nan        nan        nan
        nan        nan        nan 2.54440345        nan        nan
        nan        nan        nan] 

}



large_to_small
1e9{
18.9 MB/per sim ; 1075.89s/it ; 107.589s/per sim;


run1225 cv : CV: [ 1.1003477   3.08905954  1.79239928  2.03097327  5.35715444  3.91643336
  4.2040659   4.03062981  7.35164787  8.14983542  5.58648796  2.99798814
  7.73103805  7.56363465 13.28423825 15.48841417 10.41509941 11.02481599
 24.71950514 14.49403661 14.35717582] 
}


1e10{
41.0 MB/per sim ; 6898.67s/it ; 689.8s/per sim;

run1225 cv : CV: [       nan 0.65551344        nan        nan        nan        nan
        nan        nan        nan        nan        nan        nan
        nan        nan        nan 2.35925784        nan        nan
        nan        nan        nan] 

}

RTX3080 linux
1e8 --> 8s/per sim
1e9 --> 80s/per sim
large_to_small 
run1 cv : CV: [       nan 0.7015153         nan        nan        nan        nan
        nan        nan        nan        nan        nan        nan
        nan        nan        nan 3.34306813        nan        nan
        nan        nan        nan] 
run625 cv : CV: [       nan 1.32574794        nan        nan        nan        nan
        nan        nan        nan        nan        nan        nan
        nan        nan        nan 7.33193125        nan        nan
        nan        nan        nan] 

run1225 cv : CV: [       nan 2.29335453        nan        nan        nan        nan
        nan        nan        nan        nan        nan        nan
        nan        nan        nan 8.60650881        nan        nan
        nan        nan        nan] 


small_to_large
CV: [       nan 1.25128706        nan        nan        nan        nan
        nan        nan        nan        nan        nan        nan
        nan        nan        nan 4.7436752         nan        nan
        nan        nan        nan] 


1e10 --> 502.8s/per sim;
large_to_small
run1 cv : CV: [       nan 0.28994142        nan        nan        nan        nan
        nan        nan        nan        nan        nan        nan
        nan        nan        nan 0.88901336        nan        nan
        nan        nan        nan] 


run1225 cv : CV: [       nan 0.53809697        nan        nan        nan        nan
        nan        nan        nan        nan        nan        nan
        nan        nan        nan 3.06767563        nan        nan
        nan        nan        nan] 

small_to_large
run1 cv : CV: [       nan 0.23347557        nan        nan        nan        nan
        nan        nan        nan        nan        nan        nan
        nan        nan        nan 1.20804963        nan        nan
        nan        nan        nan] 
run1225 cv : CV: [       nan 0.6618685         nan        nan        nan        nan
        nan        nan        nan        nan        nan        nan
        nan        nan        nan 4.27700078        nan        nan
        nan        nan        nan] 


